100000
997920
982800
942480
831600
720720
960960
786240
665280
970200
957600
917280
900900
887040
856800
776160
655200
554400
907200
926640
861840
771120
589680
498960
985320
978120
956340
954720
950400
950040
937440
933660
928200
927360
924000
914760
902880
899640
884520
877800
876960
875160
873600
869400
864864
859320
850080
846720
840840
835380
829920
823680
819000
813960
807840
803880
790020
785400
772200
766080
756000
753480
748440
742560
739200
718200
706860
702240
695520
693000
687960
685440
642600
637560
628320
622440
617760
604800
600600
582120
574560
556920
540540
526680
524160
514080
491400
480480
471240
443520
415800
393120
360360
332640
705600
999600
963900
952560
932400
910800
889200
882000
873180
851760
842400
811440
806400
795600
793800
781200
764400
752400
737100
730800
725760
712800
680400
673200
670320
646800
635040
623700
609840
599760
579600
529200
514800
478800
458640
453600
428400
388080
327600
277200
967680
995904
993600
987840
982080
974400
947520
936000
931392
930240
918720
897600
893760
891072
866880
861120
855360
842688
826560
820800
816480
813120
799680
792000
772800
753984
745920
734400
728640
711360
686400
638400
636480
624960
611520
601920
584640
576576
571200
561600
544320
538560
517440
504000
475200
463680
436800
423360
411840
383040
369600
342720
302400
262080
221760
979200
940800
871200
837900
762300
749700
748800
633600
573300
564480
485100
403200
352800
995280
989520
984960
979440
976752
975240
974160
968760
966000
964656
948024
945000
943920
943488
939120
929880
925680
922320
918000
913920
912912
905520
904176
898560
895440
892080
891000
885360
881280
879120
870480
868560
858000
852720
848232
844560
839160
828240
819720
816816
814320
810810
808080
801360
800280
798336
798000
794640
789360
765072
760320
757680
746928
740880
736560
734160
716040
714000
710640
703080
702000
698880
697680
689040
683760
677160
677040
673920
668304
657720
656880
652080
650160
648648
645840
633360
632016
619920
605880
594000
591360
583440
572880
570240
567000
565488
559440
546480
546000
542640
535920
533520
521640
502320
483840
477360
468720
463320
462000
451440
438480
432432
430920
425040
414960
403920
385560
378000
371280
362880
351120
347760
314160
308880
294840
287280
257040
249480
240240
196560
166320
990000
939600
825552
784080
745200
698544
630000
615600
550800
421200
356400
317520
226800
999180
995400
994560
994500
993888
993720
993300
992160
991800
991200
990990
989604
988416
987360
986700
986580
984060
983136
981540
979020
977760
976800
976500
976140
975744
974610
973728
973440
972972
972000
971520
971040
969696
967200
966420
966240
965580
964320
960480
959616
959400
955500
953568
952380
949620
948600
948480
947232
947100
943800
941850
940500
938400
937860
936936
935550
934920
934560
930600
928800
928620
926100
925344
923400
921690
921060
920700
919800
919296
917700
914940
913500
912600
911400
909720
909216
908820
905760
904800
898380
897120
895356
894600
894240
892800
892584
892320
890400
888300
887400
885780
885600
880992
879840
879648
879060
878220
872100
871416
870240
868140
865800
865260
864000
863940
861300
859950
854700
852600
851400
850500
849420
848640
848160
846300
845460
844200
841500
840420
839520
836640
835200
833280
829080
828828
828000
827640
826200
824670
823200
822528
821100
820512
820260
818400
817740
815100
812700
812448
811800
808500
807300
804960
804384
802620
802560
800800
799200
797940
796950
796320
794880
793440
792792
792540
791700
789600
788256
786600
782496
782460
780780
779688
779520
778050
777600
775200
774900
774180
769860
768768
768600
767520
767340
765600
760032
758880
758520
756756
755820
755040
746460
744480
743820
743400
742140
740520
738720
737352
735840
734580
733824
732600
731808
730080
729300
729120
728280
727650
726180
725400
724500
723240
722400
719712
718080
717600
716100
715680
711480
709920
709800
707616
704340
703800
700128
699300
696960
696150
694980
694260
692640
688800
687456
684684
684000
683100
682080
681120
679140
678600
678300
676200
675360
672672
672000
671580
669900
669600
669240
667800
666900
664020
662400
661500
660960
660660
659736
658350
656640
653400
652680
651420
651168
649740
649440
646380
645120
643500
643104
639540
638820
631800
630630
629280
628992
627900
626400
621600
621180
620928
618240
617400
614880
614460
613800
612612
612000
608580
607200
606060
602784
598752
598500
596700
595980
594720
592800
592200
592020
589050
588000
587520
586080
585900
581400
580320
578340
574200
568260
567840
566280
564300
563040
558600
550620
550368
549780
549120
548100
547200
546840
542880
541800
540960
538200
535500
534600
534240
532224
531300
530400
522720
520800
518700
516600
512820
511560
510720
510048
508200
507780
505440
504900
504504
502740
501600
499800
497952
496800
493920
492660
491040
489600
489060
487200
476280
475020
473760
470400
468000
466200
465696
465120
464100
459360
457380
456960
455400
450450
449820
449280
448800
446880
445536
444600
442260
441000
438900
437580
434700
433440
430560
429660
427680
425880
421344
420420
413280
410400
409500
406980
406560
405720
401940
399840
397800
396000
392700
390600
386400
386100
382200
380160
376992
376740
376200
374400
374220
372960
367200
365400
364320
359100
355680
349440
346500
343980
343200
340200
336600
335160
323400
321300
319200
318780
318240
316800
312480
311220
305760
304920
300960
300300
299880
295680
292320
291060
289800
288288
285600
282240
280800
278460
272160
269280
264600
263340
258720
257400
252000
245700
241920
239400
237600
235620
231840
229320
218400
214200
211680
207900
205920
201600
194040
191520
184800
180180
171360
163800
151200
138600
131040
110880
991440
969408
959040
898128
840000
834624
803520
758160
751680
741312
689472
648000
641520
616896
596160
492480
471744
440640
408240
399168
336960
285120
181440
980100
853776
608400
518400
435600
396900
176400
998400
875520
844800
838656
783360
752640
709632
691200
599040
537600
506880
322560
999000
998760
996840
996030
994840
992640
991872
990360
990080
988680
987000
986040
984984
981750
981288
981240
981120
977130
973896
973560
973080
971880
970920
969000
965250
964920
964440
963480
963144
962280
960120
959310
957528
957000
956760
954408
954240
951720
951048
946680
946560
941640
941160
940680
938520
936320
933504
933240
931770
930930
929016
927960
923832
923520
920920
920040
919080
918918
918840
916608
915840
912000
911064
909480
909090
908160
908040
906984
906360
903210
903000
901320
900480
897750
897000
896280
895752
895104
893970
891480
890568
888888
888030
882360
881790
881496
880440
874368
871080
870870
868224
867240
865920
862920
862680
861000
859560
857472
856440
854280
853944
853632
852390
845880
845208
843480
842520
841320
839040
837760
837000
833112
830760
830280
828360
825930
824040
822360
822120
819840
816000
814968
812160
808920
807576
806520
805896
803712
803250
797160
796824
795960
792960
792120
789480
783000
782040
781704
781440
778680
777480
777000
775320
773760
770040
769230
769080
767448
766920
763776
763560
761670
760760
759240
759000
756840
755160
752760
750750
750720
750120
749952
746130
745416
744744
744120
743040
741000
738990
737880
733590
733320
731640
729960
727320
727272
724680
723840
722568
722304
720360
715176
714840
712530
712320
710424
708480
705432
703560
701568
700920
699720
696696
695640
690690
686280
681912
681720
680680
680064
679320
674520
672840
671160
666120
663936
663000
660744
659880
658560
656370
656040
654720
654360
651000
650760
646272
644490
644280
640640
639360
636120
634920
631680
629640
627480
627000
624000
621000
620160
619080
615384
614250
614040
612480
612360
610470
609960
609336
609000
603720
602910
598920
597240
596904
595080
594048
591192
590520
586872
585480
578760
577920
576840
575640
574080
570570
570024
569160
565110
563640
561792
561000
560280
558360
556416
552552
551880
551040
545160
536760
535680
535080
532440
531960
528360
528000
525096
519750
519480
516120
515592
513240
513000
510840
510510
506520
503880
502656
501120
497640
497280
494760
494208
489720
488376
487080
485760
483000
482328
478170
474240
471960
469560
466830
462840
461160
459648
459000
456456
452760
452088
447720
446040
442680
439560
435240
434280
432000
429000
426360
424320
422280
417690
416640
414120
411264
408408
407160
404040
401280
400680
399000
397440
397320
395010
394680
389760
384384
382536
378840
373464
370440
368280
367080
359040
357000
355320
353430
351000
348840
344520
341880
338520
336000
334152
328440
328320
326040
325080
322920
316680
316008
314496
309960
309120
297000
293760
291720
286440
282744
279720
274560
273240
273000
271320
270270
267960
266760
266112
255360
251160
238680
234360
231000
228480
225720
224640
219240
216216
212520
207480
201960
190080
189000
185640
175560
174720
173880
157080
154440
147840
143640
128520
120960
120120
98280
83160
964800
947700
933120
906048
878400
874944
862400
849600
832320
818496
811200
801900
763200
762048
714420
681408
676800
649152
619200
590400
583200
580800
536256
532800
510300
487872
486720
479808
446400
417600
388800
366912
348480
331200
310464
273600
244800
235200
187200
158400
141120
100800
810000
999936
998640
997500
996912
996336
994896
993168
992880
992250
991760
991116
990720
989820
988200
986832
986544
985600
984312
983664
981360
980400
978432
977184
977040
976080
972720
972400
971280
968240
967824
966960
965328
964080
963600
963072
962640
961632
961200
960336
959760
958800
958320
958230
957264
956592
955800
954800
954180
954000
953040
951600
950544
949200
947856
946080
945360
944640
944460
941220
938448
937200
936360
935424
935088
934800
932976
932880
931500
930384
929280
929040
923076
922896
920808
920400
920304
920160
919632
916560
915600
915120
914004
913680
912870
912240
910224
908208
907920
906192
905580
904400
902160
901680
900240
900144
898800
897840
896400
895860
895050
894960
893520
893200
892620
892500
889056
888720
888624
886788
886704
885456
884400
883872
883200
880880
880308
878850
877968
877680
877500
877200
875952
874800
873936
872784
871920
870912
869040
868320
867888
866320
866250
865200
864360
863460
863280
861696
859248
858600
858480
857808
856080
855600
855036
855000
853740
853200
852768
852480
848400
847440
846450
846000
844272
843696
843600
842160
841680
839664
837540
837216
837200
836400
835920
834960
834768
834480
833040
829440
827904
827820
826848
826800
825840
823536
822150
821520
820080
819280
818064
815760
814800
812592
809424
807120
805392
805200
805140
803088
802032
800400
799920
799344
798660
797040
791280
790560
789264
788400
787920
787644
787248
785232
783216
780912
780192
780000
779760
779220
778800
778320
776880
775008
774000
773388
773136
772560
772464
770640
769500
768240
766800
766584
766260
765000
764640
762960
761904
761400
761040
759780
759696
757350
754800
754110
750960
750288
747600
746640
743904
742896
742500
741888
739440
738000
736848
735000
733200
733040
732564
731952
730620
730296
729600
727056
726000
725040
723600
723492
722160
720000
719280
718704
717360
714240
712080
708624
708400
707940
706800
704880
703248
702576
700560
699600
697200
696600
694512
693840
692208
691740
691600
691152
690480
689520
688500
686880
686070
683280
682500
679536
678960
678132
677376
676368
674730
672336
671328
670800
669060
668160
667920
666000
664560
664200
663600
661200
660240
660000
659340
658944
658800
657360
656208
655776
654192
652860
652800
652050
648720
647280
642960
642096
640224
640080
639600
638352
637200
634032
633420
632400
627120
625968
625680
624624
624240
623280
622080
620400
619344
618800
615888
613872
613200
612864
612720
610740
609120
606480
604656
603288
602640
601020
599400
597168
596400
595056
593712
591600
588240
587664
585200
585000
580944
579150
578160
577500
577200
576000
575280
573804
572832
572400
570960
569520
567600
563760
563472
562800
562464
562320
560880
560560
560196
558000
557280
555984
555660
555408
552720
552420
552240
551760
549360
548856
548352
547560
543312
541728
541200
540000
539784
539280
538650
537264
532980
531360
531216
530640
529920
528528
526500
526320
526176
524400
523600
523260
522000
521136
519792
519120
517104
516780
515970
513360
512400
511632
511056
509040
508032
507600
506160
505680
502200
501840
501228
499200
496944
496080
495600
495000
493680
491568
488880
488400
487620
486864
486000
485520
484848
484704
484380
483600
483120
482160
481950
480240
479520
476784
474012
473616
472500
469800
469200
467280
464940
464400
462672
454608
452880
452400
448560
447120
446160
445500
445200
442800
440496
439920
439824
437760
436590
435120
424116
424080
422400
420000
419760
419580
419328
418320
417312
414000
412776
411600
410256
409860
409200
406224
402480
402192
401760
400400
400140
399600
398160
396720
394800
394128
392040
391680
391248
387600
383760
382800
380016
379440
377520
376320
375840
372600
372240
370656
369360
368550
367920
365904
365040
364560
361200
359856
358800
358020
357840
354960
354816
353808
351540
350064
349272
346320
345600
344736
344400
343728
342000
341040
340560
338580
337680
336336
334800
330480
328860
325584
324720
324324
324000
321552
315000
314640
313200
311850
310800
308448
307800
307440
306000
303600
302940
301392
299520
299376
298080
297360
296400
294000
293040
290160
283920
283500
281520
275400
275184
271440
270480
268800
267120
265200
261360
260820
260400
259200
255024
253440
252720
250800
248976
248400
246960
246240
245520
243600
236880
235872
234000
232848
232560
231660
229680
224400
223440
222768
220320
216720
215460
215280
213840
210672
210600
206640
205200
203280
199920
199584
198000
193200
192780
188496
186480
183600
182160
178200
177840
171600
168480
161280
159600
159120
158760
156240
152880
150480
147420
146160
144144
142800
142560
140400
136080
134640
129360
126000
124740
118800
115920
113400
109200
105840
102960
95760
92400
90720
85680
75600
65520
55440
921600
995520
990528
985920
984000
982464
979776
978880
976320
975936
969570
966720
965952
962880
958272
955584
952128
952000
949440
944832
941760
939840
938952
936768
934080
926016
924480
922944
921024
920640
911680
911040
910656
905280
903960
902720
901824
896448
893376
889920
888000
886080
883008
880320
876480
875840
872640
872256
869440
867510
864960
863040
860160
858816
857280
856128
853440
851904
851136
845640
845376
844480
838080
836160
834240
833976
831168
825792
821184
817344
816960
810432
806208
796224
791616
784320
783552
779328
777920
775656
770880
768960
767040
763840
761280
759360
755136
751296
749760
747840
744000
740544
737856
736320
732480
729000
728000
724416
723520
719040
717120
716352
714560
713664
708288
707520
703296
701760
699840
696384
696000
694848
694008
692160
684480
682560
682176
678720
675648
674880
670680
669760
669120
663390
662592
661440
653184
651840
651456
646464
644160
641088
640320
635712
631488
630720
623040
616000
613440
606144
603840
598080
592704
589248
587328
586560
578880
568512
566720
565440
561330
559680
558144
557760
554040
553280
552000
551232
547008
541632
536640
530880
530712
528960
527040
525504
521664
520128
516672
511680
509760
506688
505920
496320
495936
495720
495040
490560
477120
473280
468160
466752
466560
461760
458304
457920
456000
454080
450240
449064
447552
437184
434112
432960
428736
426816
419520
418880
409920
408000
406080
401856
396480
390720
386880
381888
379080
375360
374976
371520
361920
361152
356160
354240
350784
340032
331968
329280
327360
323136
320760
320320
319680
315840
312000
310080
306240
297024
288960
287040
280896
278208
275520
267840
264000
251328
250560
248640
247104
242880
237120
229824
216000
212160
208320
205632
204120
200640
198720
194880
192192
179520
168000
164160
157248
154560
146880
137280
133056
127680
114240
112320
95040
87360
73920
60480
912384
580608
414720
999900
996660
996300
989100
988380
986400
986076
984900
983808
979524
974700
972900
971964
971100
965700
963300
962676
961380
960300
956160
953700
952200
951552
951300
948640
948150
946764
946400
945504
945252
943740
943200
943020
940896
940212
938700
937728
936540
933300
929628
928512
925650
924924
924768
924300
918540
916300
915552
915200
914400
911988
910350
910080
908544
908460
906300
904932
904050
903168
902700
902400
901600
900864
900000
899100
896700
894348
892980
890820
890100
889350
884268
882180
881100
875700
869652
868608
867300
866400
865536
863100
861900
860832
855540
854784
854100
851200
849660
848700
848484
844740
840960
836550
836352
834900
834372
832608
830700
827424
825600
825300
823284
821700
821340
817920
815850
815360
813600
810900
809676
809172
809100
808704
805860
803700
801504
801108
800100
795564
794976
790272
787500
787200
785664
784980
784800
783900
782100
780300
779100
771840
770868
770400
765900
761760
761600
760500
758100
758016
753300
747936
745290
744800
744192
741600
735300
734976
732060
727776
727200
723996
722700
719100
717948
715008
714780
713700
711900
710892
710400
707850
704700
702900
702720
701316
701100
700700
699660
698400
696780
693600
693504
690900
690300
689920
689724
689700
688896
686700
684288
683550
679680
677600
676260
675180
674100
666540
666400
665028
663300
663264
662112
661248
657900
650496
649800
648960
648900
643860
641700
640800
640332
639744
639450
636300
632700
632100
631620
627300
626220
620100
619164
617100
611100
610560
606900
606816
603900
602700
601524
600300
597600
596736
596232
595350
595200
592416
590940
588060
584100
582912
582624
582400
579348
578592
577980
572220
569772
569184
569088
568800
566100
562716
560700
558900
557700
556800
549900
544500
543900
541440
538020
535392
533610
532350
530100
527436
525600
524700
523908
522900
522144
520380
520200
519840
518364
517140
511200
509600
509184
507150
503100
500940
499968
497700
496860
495900
495360
492800
489216
482400
481536
479700
474300
472320
471900
468468
467712
467460
465300
464640
461700
460800
459900
456300
455700
454860
453024
447300
446292
443700
441600
439200
437472
435708
435456
432900
431200
430848
426888
426300
426240
425700
424800
422100
418950
416160
414540
413952
413820
413100
409248
405900
405600
396396
393300
389844
384300
381600
381150
381024
379260
374850
371700
370944
370260
368676
366300
364800
364140
362700
361620
357120
355740
354900
351900
340704
339300
338688
338400
338100
334620
334080
333900
329868
329472
326700
326400
326340
324576
315900
311040
309600
308700
306900
306432
304200
296100
295200
290700
290400
288000
287100
286650
283140
279300
274176
273420
270900
269100
268128
267300
266400
264960
258300
255780
254100
252252
249900
249600
243936
243360
242550
239904
238140
233100
227700
223200
222300
220500
218880
217800
212940
211200
209664
208800
202860
198900
195840
195300
194400
191100
188160
188100
183456
182700
177408
174240
172800
170100
168300
167580
165600
161700
155232
152460
149940
149760
144900
136800
134400
132300
128700
126720
122400
119700
117600
114660
107100
97020
93600
88200
81900
80640
79200
70560
69300
50400
876096
627264
571536
360000
291600
254016
129600
946176
798720
774144
675840
552960
430080
994032
988848
978480
970704
965520
960000
955152
953856
947376
934416
930000
924048
916272
911088
910000
903312
900720
892944
887760
879984
870000
869616
864432
848880
841104
822960
815184
807408
791856
787968
770000
763344
755568
752976
732240
724464
716688
714096
708750
706320
705024
693360
690768
690000
682992
670032
667440
662256
654480
644112
638928
628560
623376
613008
607824
584496
576720
576240
570000
566352
553392
539136
537840
535248
527472
522288
511920
510000
506736
488592
480816
473040
460080
456192
444528
441936
434160
426384
418608
413424
405000
395280
390096
390000
387504
382320
371952
343440
335664
330000
327888
320112
304560
290304
286416
281232
278640
270864
270000
265680
263088
242352
239760
210000
208656
207360
200880
187920
185328
172368
162000
154224
149040
123120
117936
110160
99792
84240
71280
45360
451584
230400
886464
793152
606528
513216
326592
233280
999810
999648
998844
998784
998712
998580
998280
998200
997560
997542
997248
997152
996996
996960
996930
996600
996480
996450
996360
996072
996000
995808
995670
995220
994980
994950
994140
994080
993960
993510
993384
993240
992992
992970
992940
992628
992460
992376
991980
991848
991452
991380
991008
990660
990600
990150
989400
989352
989280
989184
989010
988920
988800
988344
988320
988260
988218
988000
987660
987624
987525
987480
987168
987012
986850
986370
986328
985824
985800
985530
985500
984480
984200
984096
983892
983840
983400
983250
982872
982560
982520
982260
981960
981720
981708
981180
981000
980980
980640
980628
980490
980352
980280
979800
979680
979290
979272
979110
979104
978912
978600
978588
978180
977592
977550
977400
977340
976248
975840
975800
975780
975660
975520
975384
975156
975000
974820
974688
974358
973500
973350
973280
972840
972660
972360
972192
972160
971850
971460
971208
970830
970632
970596
970368
970140
970080
969760
969600
969540
969150
968660
968544
968352
968310
968220
968184
967980
967260
967176
967032
966966
966600
966280
966168
966042
965790
965448
965160
964782
964600
964224
963424
963360
963270
963200
963000
962550
962388
962220
962136
961920
961860
961800
961740
961620
961400
961350
961248
960876
960840
960792
960750
959904
959140
959112
958650
958500
958440
958392
958188
957180
956970
956800
955944
955890
955710
955680
955416
955260
955080
954954
954912
954600
954450
954360
954030
953496
953400
953316
953190
953160
953120
953064
952952
952476
952320
952224
952020
951456
950950
950880
950820
950760
950460
950130
949536
949410
949344
949212
949050
948948
948780
948192
948090
948000
947940
947430
946440
946200
946050
945945
945720
945630
945540
945516
945120
944580
944328
944280
944160
943950
943500
943008
942840
942816
942760
942732
942552
942240
942084
941976
941688
941460
941280
941184
940950
940940
940576
940170
940032
939960
939708
939624
939510
939400
939360
939330
939060
938880
938808
938784
938196
938080
937992
937650
937080
937020
936600
936468
936054
935640
935340
935220
935064
934830
934752
934500
934200
933984
933912
933800
933570
932960
932640
932580
932568
932256
932064
931840
931320
931260
931200
931000
930720
930468
930150
929760
929292
929250
929160
928928
928872
927520
927420
927180
927080
927072
927000
926772
926280
925980
925848
925704
925470
925452
925056
924960
924840
924630
924600
924462
924420
924120
923940
923780
923160
922740
922680
922488
922350
922200
922080
921960
921888
921816
921564
921120
920448
919776
919620
919512
919380
918456
918400
918060
917928
917910
917400
916980
916860
916776
916650
916500
916344
916320
916110
916104
915936
915768
915750
915420
915040
914550
913836
913770
913752
913536
913440
913320
913248
913140
912660
912492
912456
912450
912288
911904
911880
911820
911736
911520
911430
911232
911196
910980
910860
910728
910560
910200
910140
909792
909636
909440
909150
909000
908960
908600
908424
908280
907830
907800
907680
907060
906840
906780
906750
906660
906528
906444
905850
904680
904500
904332
904320
904200
904020
903840
903672
903420
903240
902538
902520
902496
902286
902088
902016
901992
901800
901740
901530
901170
901152
900600
900450
900360
899808
899712
899580
899360
899232
899080
898920
898884
898656
898170
897624
897408
897260
896940
896896
896760
896610
896040
895968
895776
895620
895230
894880
894660
894432
893880
893550
892710
892440
892164
891990
891800
891660
891576
891540
890880
890460
890340
890120
890010
889980
889824
889812
889560
889440
889140
888930
888552
888420
888160
887880
887832
887328
887250
887220
886600
886410
886380
886200
885960
885720
885500
885060
884940
884640
884352
884070
884000
883960
883890
883740
883680
883584
883575
883500
883116
883080
882882
882816
882648
882504
882420
882336
881820
881760
881640
881400
880740
880600
880200
880152
880110
879780
879750
879480
879450
878976
878592
878472
877920
877344
876876
876744
876456
876330
876204
876150
876120
876000
874720
874692
874650
874500
874440
874380
874200
874104
873810
873120
873000
872712
872508
872480
872340
872160
872040
871794
871500
871332
870840
870408
870048
869856
869820
869760
869550
869022
868680
868428
868296
868020
868000
867680
867360
867132
867000
866970
866712
866592
866580
866520
865830
865620
865368
865080
864780
864600
864500
863520
863226
862848
862752
862344
862290
861084
860860
860706
860640
860472
860244
860200
859740
859680
859656
859140
859040
858690
858330
858312
858240
858060
857850
857736
857304
857220
857010
856680
856548
856520
856152
855855
855456
855400
855270
854910
854880
854658
854568
854496
854400
854112
853860
852852
852840
852264
852150
852012
852000
851580
851040
850850
850680
850668
850200
849870
849816
849528
849240
849150
849120
849024
848820
848540
848250
847800
847704
847476
847392
847080
847044
847000
846846
846600
846560
846240
846216
846090
845988
845856
845250
844074
843780
843744
843570
843360
843336
843180
843150
843030
842940
842490
842112
841800
841464
841092
841050
840672
840480
840294
840180
839916
839800
839790
839592
838950
838860
838530
838500
838488
838440
838200
837984
837720
837408
837144
836940
836280
836220
836136
836000
835848
835800
835560
835296
835164
834750
834720
834600
834210
834120
833952
833910
833760
833490
833448
833340
833000
832650
832524
832416
832260
832200
832140
832104
831480
831402
831096
831060
830676
830592
830088
829980
829500
829400
828960
828800
828630
828576
828072
828036
827400
827190
826980
826956
826728
826500
826056
825660
825440
825240
825132
825120
825000
824850
824760
824600
824460
824160
823620
823500
823368
823032
823020
822624
822510
821940
821730
821376
821304
821280
820820
820440
820050
819936
819672
819180
819168
819060
818720
818532
817950
817800
817440
817320
817236
817152
817020
816750
816408
816354
816270
816200
816060
815724
815490
815400
814752
814680
814464
814200
813780
813540
813450
813384
813280
812820
812520
812000
811680
811580
811512
811188
811104
810600
810540
810264
810216
809970
809952
809856
809760
809640
809600
809400
809340
809088
808860
808830
807534
807240
807030
806820
806760
806652
805980
805920
805800
805728
805560
805350
804804
804600
804540
804440
804000
803400
803160
803040
802944
802872
802332
802230
802200
801990
801864
801780
801720
801000
800730
800640
799848
799800
799500
799470
799260
799008
798840
798798
798600
798560
798252
797720
797640
797580
797544
797472
797280
796800
796620
796536
796500
796068
795872
795340
795150
794808
794580
794430
794376
794220
793728
793650
793260
792480
792396
792360
792288
791520
791208
791154
791010
790944
790920
790500
790400
789888
789880
789750
789120
789096
788970
788832
788760
788640
788480
788424
788040
787800
787710
787360
787050
786828
786780
786720
786324
785880
785610
785460
785070
784992
784890
784740
784392
784350
784000
783972
783840
783720
783510
783432
783288
783090
782880
782600
782340
782280
782208
781920
781830
781560
780640
780570
780390
780120
779240
778848
778596
778464
778260
778140
777546
777504
777240
776832
776736
776664
776412
775710
775500
775170
774774
774690
774648
774060
773850
773640
773604
773500
773280
772992
772920
772632
771936
771750
771680
771552
771540
771456
771420
771400
771210
770784
770616
770280
769824
769692
769560
769440
769120
768384
768180
768096
768000
767970
767880
767676
767550
767250
766500
766360
765765
765576
765450
765408
765180
764940
764712
764568
764280
763980
763800
763686
763680
763620
763224
763140
762840
762720
762600
762552
762450
762120
761940
761460
761376
761292
761124
760410
760380
760200
760104
759990
759528
759330
759220
758940
758472
758400
758268
757944
757620
757344
757120
757020
756960
756600
756504
756360
755370
754908
754650
754600
754560
754380
753312
753060
752928
752544
752220
752136
751842
751800
751740
751608
751520
751464
751410
751140
750816
750600
750360
749892
749280
749070
748980
748650
748200
748020
748000
747864
747720
747684
747648
747360
747252
747040
747000
746856
746760
746592
746550
746200
745800
745560
745500
744660
744600
743850
743580
742980
742368
741510
741240
740740
740460
740376
740250
740124
739908
739860
739800
739704
739680
739500
738920
738738
738360
738276
738150
737800
737760
736920
736890
736736
736440
736032
736020
735930
735540
735420
735264
735072
734760
734328
733920
732888
732780
732732
732000
731880
731850
731520
731500
731430
731400
731136
731016
730422
730380
730170
729540
729144
728910
728460
728364
728160
727584
727560
727260
726880
726750
726600
726570
726432
726264
726240
725868
725340
725220
725088
724710
724608
724200
723800
723690
723450
723360
723060
722610
721980
721500
721440
721280
721224
721140
721056
721050
720936
720480
719820
719796
719550
719400
718848
718740
718620
718536
717750
717696
717570
717444
717288
717060
717024
716760
716184
715806
715500
715392
715260
714714
714168
713856
713790
713592
713460
713440
713400
713184
713160
712908
712140
712008
711620
711450
711144
711018
711000
710600
710220
710010
709560
709500
709280
709128
709020
708960
708840
708708
708180
708120
708000
707400
707256
707200
707112
707070
706680
706560
706440
706230
706200
705960
705888
705870
705180
705120
704550
704520
704480
704352
704160
704088
703872
703836
703500
702780
702702
701400
701220
701190
701064
700800
700350
699930
699732
699480
699360
699048
698280
698250
698040
697950
697788
697620
697410
697320
696864
696540
696192
695970
695400
695310
694400
694200
693792
693720
693576
693420
693120
692664
692580
692172
691680
691560
690840
690336
690228
690200
690144
690120
690060
690030
689850
689832
689130
688380
688200
688160
687648
687420
687240
686952
686868
686664
686340
685860
685800
685608
685152
685080
684600
684420
684320
684216
684180
683928
683424
683400
683298
682920
682440
682290
682110
681600
681450
681156
681030
680940
680760
680340
680160
679896
679800
679770
679644
678528
678240
677880
677820
677280
677250
676872
676704
676620
676500
675990
675675
675444
675108
675000
674856
674784
674424
674310
674016
673992
673596
673440
673400
673380
673056
672980
672750
672600
672210
671840
671832
671616
671220
670956
670950
670824
670560
670140
669438
669312
668850
668800
668640
668610
668360
668250
668220
667680
667590
667368
667128
667080
666792
666666
666600
665760
665550
664950
664620
664608
664440
664224
664092
663780
663520
663480
662970
662904
662760
662688
662340
662200
661980
661920
661752
661320
660450
660330
659680
659400
659232
658920
658812
658476
658440
658260
658008
657888
657800
657696
657384
657000
656964
655500
654840
654588
654500
654240
654120
653940
653562
653310
653016
652960
652740
652392
652320
651780
651360
651240
650880
650520
649600
649572
649350
648600
648480
647976
647640
647520
647460
647400
647220
647136
647064
647010
645750
645624
645540
645480
645216
645150
644670
644640
644028
644000
643968
643800
643720
643680
643356
643200
643188
642720
642390
642180
642060
641784
641760
641592
641550
641160
640920
640584
640500
640458
640200
639840
639576
639000
638880
638550
637980
637728
637260
637140
637056
637000
636840
636768
636636
636174
636000
635580
635544
635460
635250
634752
634680
634500
634410
634200
633696
633204
633150
633080
632940
632808
632520
631890
631584
631400
631260
631176
630420
630360
630240
630168
629850
629748
629370
629160
628680
628488
628056
627912
627840
626808
626472
626340
626080
626076
626040
625860
625800
625632
625464
625240
624780
624750
624456
624360
624312
624036
623220
623070
622944
622710
622380
622200
622050
621984
621810
621720
620730
620620
620568
620256
620136
619752
619500
619380
618450
618120
617652
617120
616980
616968
616770
616590
616320
616308
616200
616140
616032
615960
615264
615060
614790
614376
614016
613548
613536
613080
612150
611940
611820
611800
611040
610848
610500
610200
610080
609180
608850
608760
608608
608328
608256
608160
607992
607620
607464
607392
607320
607104
607068
605682
605640
605472
605340
605280
605220
604890
604500
604440
604296
604200
604128
604044
604032
603680
603330
603000
602280
602208
602140
601800
601692
601440
601128
600780
600480
600210
600096
599940
599508
599256
598560
598400
598290
597960
597870
596960
596820
596640
595840
595680
595584
595320
595296
595140
594660
594594
594360
594090
593880
593640
593460
593400
593340
593280
593208
592920
592620
592410
591840
591480
590976
590436
590304
590240
590040
589950
589512
589380
589260
588924
588744
588672
588600
588588
588120
587880
587860
587400
587160
586950
586740
586656
586530
586500
586040
585684
585600
585312
585144
585120
584766
584430
584220
584136
584064
583968
583800
583740
583680
583296
583128
583110
582750
582660
582540
581856
581760
581490
581280
581256
581196
580580
580500
579852
579768
579744
579420
579360
579040
578952
578550
578088
577800
577080
576810
576450
576288
576180
575960
575520
575484
575400
575190
574860
574770
574056
573480
572760
572544
572460
572040
572000
571872
571428
571320
571032
570780
570720
570360
570180
569940
569800
569400
569250
568890
568620
568480
568008
567936
567720
567630
566580
566400
566370
565950
565920
565800
565656
565500
564984
564960
564696
564564
564200
564060
564000
563220
563160
562848
562590
562380
562020
561960
561660
561120
560952
560736
559980
559944
559860
559776
559650
559104
559020
558720
558558
557928
557550
557172
556776
556512
556500
556320
556248
556200
556140
555750
555390
555360
554880
554760
554580
554268
554190
554112
553800
553500
553410
553350
553320
553014
552636
552160
552024
551460
551304
550560
550440
550200
549450
549024
549000
548964
548730
548640
548340
547800
547680
547470
547400
546720
546210
546120
545832
545688
545664
545490
545400
545376
544896
544824
544680
544544
544236
544050
543840
543816
543780
543660
543456
543400
542850
542520
542430
542080
541926
541620
540792
540600
540360
540288
539616
539448
539400
539220
539028
539000
538720
538356
538272
538080
537768
537240
537030
536928
536130
535800
534888
534660
534072
534060
533820
533400
533280
533120
532950
532896
532000
531720
531468
531000
530376
529760
529620
529074
528840
528768
528660
528264
527904
527850
527800
527670
527520
527340
527310
526932
526240
525420
525000
524832
524790
524520
523800
523740
523488
523380
523320
522648
522600
522522
522240
522060
521730
521400
521220
520884
520608
520520
520260
519552
519156
518880
518760
517920
517860
517650
517608
516516
516000
515736
515424
515200
515160
515040
514710
514500
514140
513912
512640
512460
512160
511980
511500
511290
510600
510120
509220
509124
508950
508896
508800
507960
507936
507870
507528
507360
507276
507000
506940
506220
505890
505512
505120
505080
505050
504252
503712
503580
503496
503424
503370
502920
501984
501930
501480
501270
500850
500760
500640
500500
499590
499500
499380
499320
498456
498420
498168
497760
497448
497420
497250
496650
496584
496440
495880
495264
495180
494802
494340
493500
493416
493350
493290
493272
493020
492960
492492
492030
492000
491904
491832
491232
490770
490680
490644
490620
490200
489888
489510
489440
488520
488250
488160
488070
488040
487968
486948
486780
486540
486486
486360
486200
485940
485640
485460
484500
484120
483912
483480
483360
483210
482976
482790
482664
482460
482220
482040
481800
481740
481572
481440
481320
481140
480600
480168
480060
479880
479400
479160
479136
478764
478632
478500
478380
478296
478080
477792
477750
477400
477204
477000
476520
476190
476064
476000
475860
475800
475776
475524
475272
474810
474720
474600
473928
473550
473340
473088
472680
472416
470880
470820
470580
470340
470250
469920
469260
469224
468930
468864
468600
468384
467544
467400
467040
466620
466488
466440
465192
464520
464508
464310
464256
463980
463050
463008
462240
461916
461472
461448
460530
460512
460460
460350
460320
460200
460152
460020
459816
459540
459420
458850
458280
457800
457600
457560
457470
456840
456750
456120
455840
455532
455520
455328
455112
455040
454740
454410
454272
454104
454020
453960
453492
453180
453096
452640
452200
451500
451360
451200
451080
450912
450840
450660
450432
450120
450072
449400
449190
448920
448500
448224
448200
448140
447876
447678
447480
446760
446688
446600
445740
445284
444960
444444
444360
444312
444150
444000
443352
443040
442890
442728
442200
441504
441180
440748
440440
440220
440160
439530
439110
438984
438840
438600
438240
437976
437920
437400
436968
436392
436320
436128
436050
435960
435540
434720
434520
434304
434070
433944
433620
433160
432768
432630
432600
432480
431970
431640
431520
431460
431340
430650
430500
429780
429624
429408
429240
428904
428640
428220
428064
428040
427800
427392
427350
427140
426972
426720
426600
425952
425600
425568
425250
424710
424200
423720
423150
423000
422940
422730
422688
422604
422240
422136
421848
421800
421740
421260
421080
420840
420750
420660
420480
420210
419832
419040
418600
418500
418200
418176
418080
417960
417480
417384
417240
417120
416556
416520
415584
415380
415140
414414
414180
413400
412920
412896
412800
412020
411768
411180
411060
410760
410592
410550
410130
410040
409640
409032
408960
408870
408672
408480
407880
407680
407550
407484
407400
406350
406296
405216
404712
404460
404352
404250
403788
403650
403560
403260
403104
402948
402696
402600
401544
401310
401016
400200
399960
399672
399360
398970
398580
398520
398412
398112
397980
396270
396060
395850
395808
395640
395136
394740
394632
394200
393960
393624
393600
392832
392616
392160
391776
391608
391500
391230
391020
390852
390456
390390
389880
389664
389400
389340
389160
388960
388740
388500
388440
387660
387450
387090
387072
387000
386568
386280
386232
385920
385440
385320
385020
384930
384540
384480
384120
383724
383670
383520
383460
383400
381920
381780
381480
380952
380800
380640
380520
380380
379848
379680
379620
379500
379008
378420
378378
377910
377580
377568
377400
376380
375648
375480
375144
375060
374880
373920
373800
373320
373230
372708
372372
372096
372060
372000
371910
371448
371070
370500
370272
369720
369000
368940
368928
368424
368160
367488
367290
366660
366600
366520
366240
365976
365820
364980
364650
364000
363660
363636
363528
363090
363000
362520
362340
362250
362208
361800
361760
361284
361080
360180
359640
359520
359352
358680
358560
358176
358050
357588
357504
357420
357280
356832
356040
355212
355200
354312
354200
354144
353760
353400
352716
352440
352170
351780
351648
351624
351360
351288
350880
350460
350280
349920
349860
349800
349650
348600
348348
348192
348000
347820
347490
347424
347256
347130
346920
346752
346104
346080
345800
345576
345240
344960
344760
344448
343140
342342
342240
342144
341640
341550
341280
341088
340956
340860
340340
339840
339768
339660
339570
339480
339360
339150
338184
337920
337824
337440
337260
336420
336168
335790
335580
335400
334950
334880
334560
333960
333450
333060
333000
332280
332010
331800
331500
331296
330750
330720
330624
330600
330372
330330
330120
329940
329400
328680
328104
328020
327180
327096
325920
325728
325710
325500
325380
325248
324870
324480
324360
323640
323232
323190
322140
322080
321750
321480
321048
320544
320160
320040
319872
319800
319770
319410
319176
318600
318060
317856
317460
317016
316200
315744
315360
314820
313950
313740
313560
313500
312984
312840
312312
312120
311640
311520
310590
310500
310200
309672
309540
309400
308000
307944
307692
307230
307020
306936
306720
306600
306360
306306
306180
305280
304980
304668
304500
304290
303240
303072
303030
302328
301920
301860
301320
299460
299250
299040
298620
298584
298452
298368
298350
298200
297990
297600
297540
297528
296856
296352
296010
295800
295596
295260
294624
294120
293832
293664
293436
293280
292950
292740
292600
291456
291200
290472
289440
289380
289170
289080
288600
288420
287820
287640
286200
285480
285012
284760
284580
284544
284256
284130
283800
283360
282720
282150
281880
281820
281736
281400
281160
280500
280440
280280
280140
279840
279180
279072
279000
278880
278400
277992
277704
276640
276480
276360
276276
276120
276000
275940
275880
275616
275310
274890
274680
274050
273504
272580
271656
270816
270720
270600
269640
268632
268380
268320
267750
267540
266220
265980
265650
265608
265440
265320
264480
264264
264180
263520
263160
262752
262548
262200
261800
261000
260832
260568
260064
259896
259740
259560
259350
258552
258336
258060
257796
256680
256620
256500
256410
256200
255840
255816
255528
255420
254880
254592
254520
253890
253800
253344
253260
253080
252960
252840
252450
251940
251370
250920
249984
248820
248472
248160
248040
247968
247800
247680
247520
247380
246840
246400
246330
245784
245280
244860
244608
244530
244440
244200
244188
243540
243432
243000
242760
242424
241800
241560
241500
241164
241080
240768
240120
238560
238392
237510
236808
236640
236160
235980
234780
234600
234080
233856
233640
233376
232320
232200
232050
231420
231336
230880
230580
229500
229152
228960
228690
228228
228000
227304
227040
226440
226380
226200
226044
225120
224910
224280
223860
223776
223560
223080
223020
222600
221400
221340
221130
220800
220248
219960
219912
219780
219450
218790
218592
217728
217620
217560
217350
217140
217056
216480
215424
215040
214830
214500
214368
213408
213180
213120
212040
211140
210210
209880
209760
209440
209160
207060
207000
206976
205800
205128
204960
204750
204600
204204
204000
203580
203490
203112
203040
202020
201240
201096
200970
200928
200340
200200
199800
199500
199080
198660
198360
198240
197400
197340
197064
196350
195624
195360
193800
193440
193050
191880
191400
191268
190944
190008
189720
189420
188760
188370
187680
187488
187110
186732
186120
185760
185472
185220
184680
184140
183960
183540
182952
182520
182400
182280
180960
180600
180576
179928
179550
179400
178920
178560
178500
178080
177660
177480
177120
176904
175500
175392
175032
174420
173250
173160
172260
172200
171990
171864
171000
170940
170520
170280
170016
169344
169260
168840
168168
167400
167076
167040
165984
165240
164736
164640
164220
163680
163200
163020
162792
162540
162360
161568
161460
160776
160650
160160
159840
159390
158340
158004
157920
157320
156600
156000
155610
155520
155400
155040
154980
153720
153216
153120
153000
151800
150696
150150
149688
148680
148512
148500
148200
147000
146520
145860
145530
145080
144480
144000
143520
143220
141960
141372
140760
140448
139860
139230
139104
137760
137592
137088
136620
136500
135720
135660
135240
133980
133920
133560
133380
132600
132480
132000
131670
130680
130200
127512
126360
125664
125580
125400
125280
124800
124488
124320
124200
123552
123480
122850
122760
121800
121440
119340
118560
118440
117810
117180
117000
116424
116280
115500
114912
114840
112860
112200
111720
111384
109620
109440
108360
108108
108000
107640
106920
106260
106080
105600
105336
104832
104160
103950
103740
103320
102816
102600
101640
100980
100320
99960
99360
99000
97920
97440
96600
96096
94500
94248
94080
93240
92820
91800
91080
90090
89760
88920
88704
87780
86940
86400
85800
84000
82080
79800
79560
78624
78540
78120
77280
77220
76440
75240
74880
73440
73080
72072
71820
71400
70200
68640
68040
67320
67200
66528
64680
64260
63840
63360
63000
60060
59400
57960
57120
56160
54600
52920
51480
49140
47880
47520
46200
43680
42840
41580
40320
37800
36960
32760
30240
27720
997776
997200
990288
985680
981552
980784
980000
975600
974592
968688
968436
968400
967500
966672
960498
957168
950796
946800
936684
935712
930852
925200
924336
923472
922500
921200
919600
915300
907500
903600
901692
900432
896112
891648
883728
882900
867600
866700
860400
856980
850176
849072
847728
842800
841428
838800
837936
834300
832500
824400
822800
818928
818748
818100
817200
809200
803600
802800
797328
790704
785700
778752
769104
767232
759600
754992
754416
749232
749088
746172
744876
743600
737280
734832
726768
725200
720900
720300
716400
714384
712656
709200
705744
697500
694800
691920
691488
687600
684450
684432
682668
679728
675792
672300
666468
662480
657072
655452
652500
651600
650916
644688
644400
642816
639900
634800
629200
627984
627200
622800
607600
607500
605520
602316
601344
601200
591300
587412
586800
585648
584820
575100
571824
568400
565200
559728
557568
557424
551250
543600
542700
541008
540144
536400
533232
524880
517500
515088
509652
505296
500976
500400
494100
493200
492156
490050
480000
477900
476928
474320
473200
472752
471600
470448
468180
462384
460404
457776
457200
450800
450000
438048
433200
432180
430416
429300
427500
416304
413712
406800
400752
397488
393984
392400
385200
383292
382500
380880
380700
373968
372400
370800
367500
365148
363888
363600
352512
349200
348300
346800
338800
333200
332100
331632
331056
320400
313632
303408
301644
299700
298800
296208
292500
291312
289296
284592
284400
274428
273780
269892
269568
267696
262800
261072
259920
255600
254800
251100
247500
241200
234900
228096
226512
225792
219600
218736
215600
212400
208080
206388
204624
202800
198450
196020
190800
190512
186300
180000
174636
170352
169200
162288
157500
154800
153900
147600
145200
145152
137700
134064
133200
127008
121968
121680
119952
115200
111600
105300
104400
103680
97200
91728
89100
87120
82800
79380
77616
68400
64800
61200
58800
56700
46800
39600
35280
25200
992256
979968
957440
936960
924672
918528
906240
896000
881664
857088
824320
814080
801792
795648
777216
758784
732160
721920
680960
678912
666624
660480
642048
635904
629760
623616
609280
574464
568320
525312
494592
476160
470016
465920
445440
439296
408576
394240
384000
365568
359424
353280
304128
291840
279552
261120
236544
199680
193536
168960
138240
107520
999360
998976
996800
994752
994356
988992
985608
985536
980928
977600
976860
974016
971712
970560
969024
968000
967104
963648
959364
958464
956736
956480
956448
955200
953280
952512
950976
950208
949824
948672
946368
945600
944064
942400
941868
940992
940608
939456
937664
932800
930204
929600
928746
926400
925120
923328
922560
921536
919360
917568
916800
916416
915264
914112
912960
912576
908352
901440
901056
899136
895680
894400
890560
889380
887616
885312
884800
884160
882090
881600
880704
877716
873792
871884
871488
868800
868032
864576
863136
860220
859584
859200
852800
850752
846144
843840
843200
839232
838350
837312
836892
832832
831040
830400
830016
827200
824256
817600
816192
815040
812736
811008
809280
808640
808128
807360
804672
802368
801600
801216
798912
797760
795200
794304
793408
788800
785862
785088
782400
781632
780864
780480
778176
777024
774720
774592
773568
772740
771264
770112
769600
767808
766656
762432
757440
756800
756288
755244
753600
750400
746304
743232
740160
737748
736960
735680
733248
732096
730944
729792
726336
724800
723168
722880
721728
721600
721344
720252
720192
718272
715968
715200
714816
710976
705672
704704
702144
699200
697536
695232
694080
693056
692550
690624
688320
686784
685260
684864
683200
677952
676512
674240
673728
673344
671040
668736
667968
667584
667200
666432
660800
660672
659520
658240
657600
657216
656064
655424
653760
652608
651200
647360
645696
644800
644436
642880
642240
639936
637632
633024
632772
630336
628800
626940
625600
623808
622656
621504
619650
618048
616512
614592
614400
610368
609600
609444
608832
607680
603200
600768
600000
597780
597312
594880
593600
591948
591552
586432
580160
580032
577728
575424
573888
573120
569664
567360
563904
560448
555840
555072
552384
551616
550080
548800
546624
545600
545292
543168
542400
539460
536544
534336
531648
528192
526400
525888
523200
521280
518976
517824
516800
516096
515520
514368
513600
512064
510400
507840
503360
501696
500544
499392
498624
498240
494400
490176
486080
485184
484800
482112
481600
480960
478400
473850
470592
469476
469440
465600
462528
460224
459200
456768
455616
454720
452160
451980
451008
449856
448704
448448
443232
442176
441792
441408
439488
434880
431424
429120
427200
424512
422820
421056
416988
415296
414400
410688
407232
404928
404800
404544
401472
400950
400320
398400
396864
396576
395200
394944
394560
392000
391104
388416
387828
386496
385728
384192
379200
378560
377280
373824
368640
365760
364500
362304
360640
358848
357696
357210
356928
353600
351936
350400
348096
347200
347004
346560
340800
339264
335808
335340
334656
334400
325440
324800
321984
321600
318528
317376
313920
308160
307008
303552
303264
302016
299200
297920
297792
296640
295488
294336
292800
292032
291648
290880
286272
285768
283968
283200
279360
277440
277056
277020
272832
272448
271040
270144
266560
265356
264384
259776
257600
256608
256320
255150
254400
251712
247860
245952
239040
237888
234432
232128
228800
227520
227136
225600
225216
224532
217152
216384
213696
212800
210240
209088
206400
204480
203840
202176
197568
196800
196416
192960
190400
189540
189504
186048
183744
178752
177600
175680
173376
172480
172224
171072
169920
165312
163296
162624
162240
160380
159936
152640
149184
148800
145800
145728
145600
142272
139200
135360
127296
124992
123840
123200
122304
120384
118080
116928
116640
116160
110400
108864
107712
106560
103488
102060
92736
91200
89280
84672
83520
82368
81600
77760
76608
72000
68544
66240
62400
54720
52800
52416
48960
47040
44352
43200
37440
33600
31680
20160
933156
864900
831744
828100
774400
756900
736164
665856
656100
636804
592900
509796
476100
389376
324900
313600
298116
278784
260100
213444
152100
112896
108900
57600
44100
999856
999120
998568
998448
997360
996864
996240
996138
995976
995760
994704
994680
994224
994000
993840
992784
992496
991536
990792
990640
989712
989040
988176
988080
987714
987390
987280
987120
986480
986160
986000
985872
985446
984720
984555
984528
984368
984144
984048
983280
983016
982128
981882
981504
981456
980910
980880
980720
980560
980424
979608
978750
978576
978384
978096
978000
977670
977616
976976
976560
976536
975360
975120
975024
974640
974064
973840
973104
972648
972048
971568
971376
971250
971190
971152
970320
970224
969840
969680
969360
968880
968016
967920
967440
967120
966735
966144
965712
965120
965034
963984
963792
963312
963090
962160
962064
962000
961584
961520
960432
959728
959376
959280
959088
958608
958160
957840
957096
956928
956880
956080
955920
954960
954480
954096
953904
953680
953520
953370
951912
951750
951280
951216
950832
950640
950160
949872
949806
949760
949520
949320
949104
948750
948720
948240
947760
946960
946890
946608
946512
946000
945840
945744
945648
945168
944944
944880
944622
944240
944136
944112
943056
942000
940464
940368
940240
939114
938790
938736
938496
938000
937872
937170
937040
936624
936390
936240
936144
935952
935760
935280
935000
934960
934320
934032
933768
932688
931920
931728
931056
930960
930864
930160
929070
928720
928560
928368
927696
927504
927024
926478
926250
926208
926160
924560
924528
924210
923440
922992
922752
922590
921984
921840
921648
921375
921360
920322
920080
918960
918480
918216
918192
917840
917730
917136
916920
916080
915824
915705
915408
915000
914736
914640
914544
914480
914328
914160
912560
911760
910602
910440
909840
909360
909168
909144
908880
908010
907632
907536
907440
907120
906752
906576
906066
906000
905256
905040
904704
904365
903760
903408
903120
902664
902000
901968
901368
900592
899910
899760
899262
899184
898776
898320
897480
897264
896880
896784
895488
894672
894608
894000
893592
892848
892416
891120
890960
890736
890190
889680
889488
887376
886512
886160
886032
885654
885248
885040
885000
884304
883920
883440
883386
883344
883224
883120
882960
882672
882640
882096
881712
881328
880464
880080
880000
879336
878640
878526
878416
878256
878080
878040
876720
875760
875610
875568
875472
875448
875280
874608
874152
874000
873990
873840
873264
873072
872960
872592
871728
871560
870960
870750
870672
870320
870264
869778
869232
869130
867840
867672
867504
867216
866640
866376
866160
866096
865488
864528
864270
864240
863784
863760
862960
862512
862488
862224
861360
861168
860880
860720
860544
860496
860112
860016
858704
858624
857584
857520
857142
856560
856240
856170
855792
855120
854000
852432
852240
852120
851088
850824
850640
850608
850512
849744
849680
849520
849408
848848
848016
847665
847280
847152
846768
846384
846336
845520
845424
845040
844830
843920
843264
843024
842352
842240
841776
840720
840560
840336
840240
840048
839970
839376
839280
838992
838320
838032
837648
837120
836976
836880
836784
836304
835758
835120
834288
834000
833520
832944
832680
832656
832464
832048
832000
831870
831792
830960
830544
830250
829872
829840
829008
828954
828750
827280
826896
826880
826320
826000
825360
824904
824880
824688
824208
823608
823446
823440
822864
822640
822480
822096
822000
821760
821744
821712
821040
821016
820560
819888
819504
819072
818688
818640
818160
817128
816912
816720
816640
816240
815920
815670
815616
815280
814000
813750
813648
813456
813240
812784
812430
812240
811944
811920
811536
810960
810768
810480
810160
809472
808752
808542
808056
807024
806960
806000
805680
805464
805000
804816
804720
804168
803760
802256
801840
801090
801040
800976
800880
800496
798864
797202
796176
796080
795984
795760
795312
795000
794352
794112
793968
793584
793520
793104
792990
792880
792720
792528
792330
792064
791120
791040
790608
790398
790320
790160
790128
789912
788880
788130
787440
787320
786480
786000
785840
785808
785680
784944
784896
784784
784728
784560
783750
783120
782544
782320
782136
782000
781872
781326
780840
780624
780528
779856
779625
779280
778960
778734
778128
777840
777360
777168
776952
776790
776720
776250
776112
775920
775680
775632
775440
774928
774576
774480
774384
774360
773808
773520
770560
770472
769776
769488
769392
769296
768690
767760
767312
767280
766480
766320
765744
765440
764208
763830
763392
763280
762696
762480
762000
761616
761520
761250
760914
760656
760368
760240
759920
759024
758640
758352
757512
757248
756864
756432
756378
756240
755760
755664
755440
754920
754320
754000
753840
753360
753168
752752
752080
751920
751440
751248
751032
750480
749840
749736
749616
749520
749360
749250
749112
749056
748880
748272
748176
747630
747120
746480
746064
745680
745360
745008
744960
744720
744240
743280
743256
742770
742000
741960
741936
741840
741744
741520
740784
739536
739530
739368
739152
739024
738816
738480
738192
738072
737520
737040
736128
735966
735696
735504
735480
735280
734720
734448
734184
733584
733488
732720
732672
732336
731280
731120
730512
730320
730128
729810
729456
728784
728688
728190
728112
727920
727440
726960
726528
726408
725648
725424
725328
724880
724080
723330
723216
723120
722736
722520
722358
721680
721392
720384
720090
719928
719664
718960
718320
718146
717808
717552
717255
716880
716496
715920
715728
715440
715000
714960
714480
713328
713286
713232
712880
712368
712272
712152
711984
711760
711312
710736
710160
709776
709104
708240
708048
707952
707280
706992
706160
705936
705840
705510
705456
705000
704592
704000
703920
703890
703824
703120
702960
701520
701250
701040
700488
700245
699504
699192
698640
698320
697872
697840
696762
696080
695856
695760
695304
694960
694656
694416
694320
693680
693264
692874
692736
692496
691824
691440
691416
689310
688688
688560
688080
687792
687312
687120
686448
686000
685776
685520
684936
684720
683640
683520
683088
682640
682000
681360
681264
680238
679440
679056
678832
678480
678000
676080
675920
675864
675120
675024
674960
674544
674352
673680
672144
671976
671814
671760
671440
671232
671088
670208
669552
668976
667926
666960
666672
665840
665808
665712
665520
665496
665040
665000
664848
663984
663120
663040
662640
662160
661770
661584
661122
660528
659568
659280
659120
658896
658416
658320
658000
657552
656656
655872
655344
655248
654160
654000
653616
653520
652848
652536
651024
650832
650430
650256
649944
649728
649264
649040
648432
648270
648240
647920
647680
647472
647190
647088
646000
645456
645000
644784
644760
643632
643440
643280
642330
642320
642000
641424
641250
640872
640710
640560
639408
638280
638064
638000
637840
637440
637296
636720
636272
636240
635664
635376
634608
634480
634392
634368
633906
633864
633840
632880
632610
632448
632320
631120
630990
630960
630504
630480
629520
629424
628368
627792
627760
627750
627440
626640
626535
625872
625320
625152
624834
624720
623760
622608
622512
622160
621432
621270
620880
619440
619248
619008
618840
618640
618030
618000
617520
617232
617136
616560
616080
615120
615000
614952
614640
614544
613360
612560
612144
611952
611712
611280
611226
611184
611064
610896
610512
609552
609168
608880
608304
607920
607376
607152
606960
606720
606690
606320
606096
606000
605616
605360
604560
604422
604240
603750
603504
603120
602448
602160
602000
601776
601680
601392
600912
600880
600576
600240
599280
599184
598416
598320
598104
598000
597840
597618
597520
597360
596970
595920
595728
595000
594960
594864
594432
594384
594320
594216
593040
592592
592515
592368
592110
591888
591624
590640
588816
588720
588432
588336
587760
587250
586960
586440
586320
586278
586224
585360
584304
584010
583848
583632
582960
582768
582552
582000
581808
581040
580720
580560
580272
580176
579960
579120
579072
578664
578448
577680
577584
577530
576912
576072
575856
575586
575120
574992
574896
574000
573750
573648
573040
572670
572208
570768
569856
569712
569430
569296
568560
568176
568080
567216
567120
566784
566544
566160
565760
564720
564570
564408
564144
563920
563112
562224
561680
560976
560640
560520
560000
559062
558960
558480
558096
558090
557520
557232
557040
556080
555520
555120
555000
554736
554064
553840
553520
552048
551448
550704
549990
549936
549840
549504
549072
548688
548240
548080
547536
547344
546960
545454
545280
544752
544272
543510
543120
542256
542160
541680
541296
541080
540270
539760
538704
538384
537680
536976
536382
536250
536112
535440
535040
534576
534480
534000
532818
532560
531696
531440
531024
530145
529872
529584
529416
528240
528120
528080
527280
526848
526608
525840
525690
525360
523920
523776
523152
522480
522192
521520
521424
521360
521040
520560
520344
520080
519680
518616
518320
518160
518000
517968
517776
517752
516880
516432
516240
515760
515280
514560
513864
513744
513648
512720
512568
512512
511488
511434
511280
510384
509808
509712
509520
509490
508680
508560
508464
508368
508080
506352
506088
506000
505344
505008
504792
504630
504560
504336
504240
503440
503280
501072
500688
500080
499824
498750
498576
498480
498000
497904
497040
497016
496496
496128
495558
495504
494910
494640
494424
494160
494000
493584
492912
492240
492048
491920
491280
490320
489984
489840
489552
489456
489240
487920
487760
487344
487296
486640
486096
485352
485040
484880
484272
484176
482760
481712
481680
480624
479952
478720
477840
477576
477456
477090
476560
476112
475728
475440
474768
474672
474096
474000
473688
472560
472230
472080
471504
471408
471120
470640
470610
470288
469680
469392
469040
468480
467376
467208
466992
466480
466320
466128
466032
465750
465360
465000
464880
464464
463760
463536
462480
462336
462024
461538
461040
460944
460560
459888
459264
458160
458136
457968
457520
457002
456720
456624
456144
455952
455760
455544
455280
455000
454896
454480
453840
453264
453120
452790
451920
451656
451248
450576
450360
449904
449680
449616
449328
448000
447984
447930
447888
447440
447216
446472
446310
446250
445824
444912
444720
444080
443880
443664
443394
442320
442000
441840
441168
440880
440832
440154
439992
438960
438750
438672
438000
437360
436560
436240
436080
435024
435000
434928
434808
434000
433840
433680
433296
432216
431760
431730
431376
430320
429840
429520
428544
427728
427518
427440
427248
427056
426870
426000
425520
425088
424560
424440
423696
423280
423120
422928
421872
421680
420552
420336
420240
418992
418770
418704
418000
417648
417360
416976
416880
416208
414480
414288
413910
412720
412560
412160
412080
411480
411312
410640
409968
409584
409360
408720
407592
407376
407040
406640
406000
405840
405552
405405
404976
404880
403704
402960
402864
402570
402000
401520
400896
399504
399330
399280
398736
398640
397936
397824
396240
396144
395928
395760
395472
394416
394320
393822
393680
393360
392496
391920
391440
390960
390320
389610
389424
389232
388752
388608
388368
386694
386640
385968
385840
385776
385392
385000
384912
384750
384720
384560
384048
383616
383130
382704
381840
381672
381360
380688
379890
379392
378672
378480
377784
376656
376488
376464
376272
375760
375408
374640
374000
373680
373520
373296
371250
371184
369840
368880
368368
368016
367632
367536
366960
366282
366120
366080
366000
365310
364080
363792
363440
363216
363120
362544
362232
361746
361680
360960
360720
360528
360240
358512
358344
357048
356720
356592
354640
354480
354000
353970
353160
352944
352560
352240
352176
352080
349680
348432
346896
346680
345870
345840
345384
345168
345072
345000
344250
344080
343824
342576
342160
341712
341496
341250
340480
340080
339456
339120
339066
338640
338352
337392
337008
336720
336528
335920
335280
335016
334530
334320
333840
333720
333312
332880
332304
332112
331760
331344
331128
330960
330240
329840
329670
329616
328944
328848
327240
327120
326480
326430
326160
325680
324240
323760
323568
322608
322320
322056
322000
321840
321408
321360
321024
320880
319920
319464
319440
318864
318384
318000
317952
316848
316710
315792
315120
314880
314280
313040
312816
311808
311688
311472
310992
310128
308560
308016
307632
306768
306504
305520
305424
305370
305040
304640
304304
304080
303912
303696
302736
302640
302064
301840
301104
300720
300672
300510
300240
300048
299280
298480
298320
297840
297648
295920
295152
295120
293328
292656
292560
292248
291984
290928
290640
289872
289680
289520
288750
288360
288144
288120
287760
287232
286902
286000
285936
285360
285000
284240
284160
283176
282960
282480
282000
281424
280560
280368
280098
279888
278256
278160
277830
277680
276696
276210
276080
275280
274512
274320
273840
273360
272688
272272
271920
271728
269808
269360
269136
269040
268920
268464
267624
266640
266490
266448
266000
264880
263952
263760
263736
263250
263120
262656
262416
261744
261630
261144
260304
259440
258960
258390
258000
257712
257520
256080
255960
255000
254448
253968
253680
253368
252560
251856
250992
250614
250320
248880
247632
247296
246480
246000
245616
244944
244720
244296
244080
243984
243810
242190
241680
241488
240720
240408
240000
239568
238896
238464
238080
238032
238000
237360
237006
236520
236250
236208
235440
235008
234960
234192
233520
232960
232470
231504
231120
230736
230256
230160
230040
227920
227760
227664
226320
225680
225456
224112
223344
222750
222720
222480
222264
222000
221520
220968
220752
220080
219648
219120
218960
218160
218064
217360
217080
216240
215760
214704
214320
214032
213360
213192
212976
212784
212058
211344
211120
209790
209520
209304
209040
208560
207792
206712
206448
205296
204930
204336
204288
204240
202608
201552
200070
199056
197904
197640
197120
196992
196080
195888
195048
195000
194832
194480
193752
192720
192240
192000
191760
191160
190960
190320
189840
188784
187824
187440
186960
186000
185976
185136
184464
184080
183120
182784
182000
181104
180880
179760
179712
179280
179088
179010
178640
178416
177072
176880
176640
176256
175824
175770
175440
174960
174096
174000
173712
173040
171720
171120
170640
170544
169680
169290
168912
168720
167832
167440
167280
165648
165360
165000
164430
163944
162960
162864
162162
161616
161040
160272
160080
160056
158928
157872
157680
155760
154000
153360
152280
152064
151536
151470
150960
149520
148176
147312
146832
146640
145920
144720
143208
142128
141750
141680
141360
140616
139920
139776
139536
139440
139320
138320
138000
137808
136752
135432
135408
135000
134784
134160
132840
132720
132240
131760
131544
131376
130560
130416
130410
130032
129168
127920
127440
126672
126480
124080
123984
123760
122640
121176
119880
119280
118320
118272
117040
116688
115830
115440
114576
114480
114048
114000
113520
112560
111888
109296
108528
108240
107730
107184
106704
105000
104880
104720
104328
102480
102000
101520
100464
100440
99840
99120
97680
96768
96720
96390
95472
93960
93840
93744
92880
92664
90480
90288
89040
88560
87696
86184
85008
84480
82992
82320
81840
81000
80784
80080
79920
78960
78000
77520
77112
76560
74520
74256
73710
72576
72240
71760
70224
69552
69120
68880
66960
66000
62832
62640
62370
62160
61776
61560
60720
59280
58968
57456
55080
54000
53760
53040
52080
51840
51408
50160
49896
49680
48720
48048
44880
42120
42000
41040
39312
38640
36720
35640
34320
33264
31920
28560
28080
23760
22680
21840
18480
15120
995328
847872
716800
700416
626688
602112
479232
405504
307200
258048
184320
746496
960400
777924
685584
490000
467856
374544
345744
219024
202500
156816
90000
63504
32400
999804
999702
999680
999460
999396
999306
999108
998820
998550
998460
998424
998244
998172
997740
997668
997600
997425
997272
997150
997120
997050
997020
996588
996268
996156
995940
995680
995316
995148
995100
995040
994700
994620
994455
994400
994308
993564
992800
992772
992544
992340
992200
992124
992000
991900
991620
991584
991368
991100
990900
990780
990756
990675
990450
990432
990396
989856
989800
989664
989460
989016
988988
988900
988722
988650
988128
988020
987900
987700
987552
987392
987350
987252
986976
986880
986860
986436
986272
986100
985950
985908
985644
985248
985140
985050
984672
984600
984492
984456
984300
983970
983940
983580
983520
983430
983268
983178
983100
983052
982980
982940
982620
982566
982350
982300
982100
981920
981792
981760
981684
981600
981036
980700
980460
980220
980200
980064
979902
979650
979488
978900
978804
978516
978336
978075
977976
977900
977850
977664
977256
977220
976950
976896
976668
976640
976374
976128
975975
975492
975260
975200
975150
974988
974916
974880
974556
974304
974100
974050
973980
973800
973700
973692
973152
973140
973056
972800
972576
972468
972300
972180
972036
971700
971550
971244
970900
970788
970398
970060
970020
969900
969804
969612
969300
969228
969220
969210
969120
968940
968832
968800
968484
968448
968100
967932
967860
967725
967572
967428
967356
967140
967050
966900
966780
966150
966084
965888
965664
965600
965340
965124
964896
964620
964512
964404
964260
964128
963840
963732
963612
963585
963540
962850
962780
962500
962400
962370
962325
962304
962208
961950
961884
961704
961308
961272
961056
961020
960768
960372
960204
959868
959850
959700
959652
959420
959244
959200
959175
959100
958860
958740
958720
958100
958048
957996
957950
957924
957900
957852
957780
957696
957420
957372
957348
957216
957060
956384
956250
956088
955980
955548
955350
955332
955296
955206
955136
954624
954100
953964
953820
953550
953442
953172
953100
953088
952875
952812
952800
952740
952650
951900
951840
951786
951678
951660
951588
951444
951390
951200
951132
951060
950600
950300
949900
949716
949608
949500
949032
948960
948420
948384
948300
948276
948060
947340
947268
946944
946656
946386
946260
946220
945828
945756
945450
945300
945180
944928
944820
944775
944748
944700
944384
944300
944034
943776
943360
943236
943092
942900
942300
942210
942172
941920
941724
941700
941600
941472
941400
941094
940644
940320
940100
940044
939900
939780
939744
939420
939300
938600
938340
938124
938100
937980
937950
937800
937300
937260
937125
936900
936700
936192
936180
936100
936096
935748
935680
935676
935508
935200
935136
934650
934626
934380
934164
933900
933600
933450
933408
933100
933075
932940
932832
932292
932184
932148
932100
931980
931950
931896
931860
931788
931700
931680
931380
931140
931104
931040
930900
930580
930510
930300
930048
930020
930006
929775
929500
929376
929214
929100
928980
928404
928260
928224
928188
928116
928000
927864
927828
927810
927780
927675
927300
927276
927200
927108
926976
926900
926820
926688
926550
926464
925920
925740
925600
925440
925380
924800
924660
924140
924084
923650
923580
923552
923220
923100
923040
922950
922880
922428
922284
922140
922020
921900
921492
921312
921300
921150
920832
920736
920556
920550
920460
920220
919980
919968
919908
919584
919548
919200
919100
919020
918750
918612
918450
918372
918225
917760
917748
917664
917600
917532
916740
916596
916200
916020
915900
915876
915642
915516
914850
914634
914628
914508
914340
914144
914100
913900
913824
913308
913152
912900
912800
912780
912640
912420
912340
911772
911340
911200
910910
910404
910368
910260
909972
909920
909900
909600
909568
909540
909450
909324
909300
908700
908640
907872
907764
907740
907725
907488
907452
907236
906948
906912
906696
906500
906400
906108
906100
905940
905814
905472
905400
905220
905184
905148
905100
904995
904960
904860
904596
904590
904540
904428
904032
903936
903924
903900
903870
903756
903540
903474
903060
902580
902484
902460
902304
902100
901836
901728
901404
901208
900576
899840
899514
899496
899460
899388
899052
899028
898700
898464
898212
898200
898092
897900
897820
897792
897435
897390
897336
897156
896800
896724
896580
896544
896220
896148
896100
895950
895500
895400
895200
894900
894852
894816
894744
894740
894720
894300
893772
893700
893664
893412
893340
893100
893088
892296
892160
891996
891936
891684
891450
891360
891324
891100
890604
890208
890112
889700
889644
889504
889020
888800
888615
888576
888480
888444
888264
888174
888096
888060
887964
887796
887700
887520
887436
887172
886950
886860
886500
886236
886176
886116
886050
885920
885528
885300
885150
885024
884988
884884
884646
884448
884340
884100
883800
883764
883476
883456
883350
883260
883050
882980
882756
882720
882700
882588
882450
882300
881920
881892
881460
881244
881118
881020
880896
880800
880650
880425
880380
879912
879900
879660
879396
879360
879264
879200
878940
878900
878724
878700
878688
878560
877824
877734
877590
877536
877404
877230
877140
876900
876708
876645
876600
876512
876384
876300
876288
876060
875772
875556
875420
875196
875140
874752
874620
874350
874080
873828
873540
873300
873054
872928
872900
872850
872820
872550
872460
872352
872300
872298
872200
871740
871680
871650
871596
871380
870688
870660
870400
870144
870100
870012
869940
869700
869364
869220
869120
868896
868868
868770
868725
868700
868500
867996
867900
867825
867744
867636
867420
867204
867150
867100
866628
866502
866304
866016
865980
865956
865440
864800
864612
864468
864450
864300
864108
863968
863928
863772
863604
863550
863478
863328
863200
862650
862596
862560
862524
862500
862470
862200
862155
862092
861984
861952
861600
861588
861420
860928
860700
860580
860508
860310
860256
860100
860064
859872
859860
859716
859500
859180
859104
859050
858900
858880
858858
858780
858636
858528
858420
858400
857844
857820
857556